{
  "dorsal_sinistral_odd.stl": {
    "mass": 9.71,
    "center_of_mass": [
      2.39,
      -4.79,
      -4.86
    ],
    "inertia_matrix": [
      [
        2446.99,
        1304.31,
        -130.13
      ],
      [
        1304.31,
        2597.26,
        192.40
      ],
      [
        -130.13,
        192.40,
        4208.50
      ]
    ]
  },
  "dorsal_dextral_odd.stl": {
    "mass": 9.67,
    "center_of_mass": [
      3.31,
      5.70,
      -4.86
    ],
    "inertia_matrix": [
      [
        2894.17,
        -1238.24,
        -153.91
      ],
      [
        -1238.24,
        2343.10,
        -214.45
      ],
      [
        -153.91,
        -214.45,
        4422.52
      ]
    ]
  },
  "dorsal_sinistral_even.stl": {
    "mass": 10.69,
    "center_of_mass": [
      2.90,
      -5.22,
      -5.21
    ],
    "inertia_matrix": [
      [
        3007.33,
        1284.09,
        -140.42
      ],
      [
        1284.09,
        2450.9,
        195.53
      ],
      [
        -140.42,
        195.53,
        4589.41
      ]
    ]
  },
  "dorsal_dextral_even.stl": {
    "mass": 10.75,
    "center_of_mass": [
      2.31,
      4.44,
      -5.23
    ],
    "inertia_matrix": [
      [
        2568.54,
        -1352.50,
        -120.62
      ],
      [
        -1352.50,
        2690.75,
        -172.21
      ],
      [
        -120.62,
        -172.21,
        4367.85
      ]
    ]
  },
  "ventral_sinistral.stl": {
    "mass": 10.3,
    "center_of_mass": [
      -3.82,
      -3.56,
      -5.07
    ],
    "inertia_matrix": [
      [
        3122.39,
        -1385.58,
        164.70
      ],
      [
        -1385.58,
        2330.35,
        157.37
      ],
      [
        164.7,
        157.37,
        4583.62
      ]
    ]
  },
  "ventral_dextral.stl": {
    "mass": 10.94,
    "center_of_mass": [
      -1.53,
      2.99,
      -5.2
    ],
    "inertia_matrix": [
      [
        3066.59,
        1568.55,
        115.39
      ],
      [
        1568.55,
        2733.04,
        -152.32
      ],
      [
        115.39,
        -152.32,
        4899.66
      ]
    ]
  },
  "vertebrae.stl": {
    "mass": 4.52,
    "center_of_mass": [
      0.00,
      0.00,
      -0.96
    ],
    "inertia_matrix": [
      [
        296.38,
        0.00,
        0.00
      ],
      [
        0.00,
        296.13,
        0.00
      ],
      [
        0.00,
        0.00,
        319.90
      ]
    ]
  },
  "ball_bearing.stl": {
    "mass": 2.14,
    "center_of_mass": [
      0.00,
      0.00,
      0.00
    ],
    "inertia_matrix": [
      [
        13.73,
        0.00,
        0.00
      ],
      [
        0.00,
        13.73,
        0.00
      ],
      [
        0.00,
        0.00,
        13.73
      ]
    ]
  },
  "connector_plate.stl": {
    "mass": 0.14004,
    "center_of_mass": [
      0.00759,
      0.00000,
      0.00419
    ],
    "inertia_matrix": [
      [
        0.53129,
        -0.00008,
        0.00000
      ],
      [
        -0.00008,
        1.92553,
        0.00000
      ],
      [
        0.00000,
        0.00000,
        1.92515
      ]
    ]
  },
  "connector_vertebrae.stl": {
    "mass": 0.07007,
    "center_of_mass": [
      -0.01944,
      0.00589,
      -0.00497
    ],
    "inertia_matrix": [
      [
        0.26584,
        -0.00122,
        -0.00083
      ],
      [
        -0.00122,
        0.34100,
        -0.00001
      ],
      [
        -0.00083,
        -0.00001,
        0.34082
      ]
    ]
  }
}
